20
10
5 2
4 1
5 6
7 1
1 1
1 1
7 3
6 3
3 2
5 5
[1 0 0 0 0  1 0 0 0  1 0 0 0 0  1 0 0 0 0 0 0  0  0  1 0 0 0 0 0 0  1 0 0 0 0 0  1 0 0  1 0 0 0 0]
[0 1 0 0 0  0 1 0 0  0 1 0 0 0  0 1 0 0 0 0 0  1  0  0 1 0 0 0 0 0  0 1 0 0 0 0  0 1 0  0 1 0 0 0]
[0 0 1 0 0  0 0 1 0  1 1 0 0 0  0 0 1 0 0 0 0  0  1  0 0 1 0 0 0 0  0 0 1 0 0 0  0 0 1  0 0 1 0 0]
[1 0 0 0 0  1 1 0 0  0 0 1 0 0  0 0 0 1 0 0 0  1  1  0 0 0 1 0 0 0  0 0 0 1 0 0  0 0 0  0 0 0 1 0]
[0 0 0 1 0  0 1 1 0  0 0 0 1 0  0 0 0 0 1 0 0  1  1  0 0 0 0 1 0 0  0 0 0 0 1 0  0 0 0  1 0 0 1 0]
[0 0 0 0 1  0 0 0 1  0 0 0 0 1  0 0 0 0 0 0 0  1  1  0 0 0 0 0 1 0  0 1 0 0 1 0  0 0 1  0 0 0 0 1]
[0 0 1 0 1  0 1 0 1  0 1 0 0 0  0 0 0 0 0 1 0  0  1  0 0 0 0 0 0 1  0 0 0 0 0 1  0 1 1  0 1 1 0 1]
[1 1 1 0 1  1 0 0 0  0 1 1 1 1  1 0 1 0 1 1 0  1  1  1 1 1 0 0 0 1  0 1 1 0 1 0  0 1 0  1 0 0 1 0]
[1 0 1 0 0  0 1 1 1  1 0 1 0 0  0 0 0 0 0 0 1  0  1  0 1 1 0 1 1 0  1 1 1 1 0 0  1 0 1  0 0 0 1 0]
[1 1 1 1 0  1 0 0 0  0 0 0 1 0  1 0 1 0 1 1 1  0  0  0 1 0 1 1 1 1  1 1 1 0 0 0  0 1 0  1 1 1 0 0]
[1 1 0 1 1  1 1 1 1  0 0 1 0 1  0 1 0 0 1 1 0  1  1  0 0 1 1 1 1 1  1 1 0 0 0 1  1 0 0  1 1 1 1 0]
[0 0 1 1 0  0 0 1 0  1 1 1 0 0  0 0 0 0 1 0 0  0  1  1 1 0 1 1 0 1  1 0 1 1 0 0  1 1 0  0 1 1 0 0]
[1 1 1 1 1  0 1 0 0  1 1 1 0 1  0 1 0 1 1 1 1  1  1  1 0 0 1 0 0 1  1 1 0 0 0 1  1 1 1  0 0 0 1 1]
[1 0 1 0 0  1 1 0 1  1 1 0 0 0  1 0 0 1 1 0 0  1  1  0 1 1 1 1 1 0  1 1 1 1 1 1  1 0 1  1 1 1 1 0]
[1 0 1 0 1  0 0 1 0  1 1 0 0 0  0 0 0 0 1 0 0  1  0  1 0 0 0 0 1 0  1 1 0 0 1 1  1 0 1  0 1 1 0 1]
[0 0 1 1 0  0 0 0 1  1 1 1 0 0  0 1 0 0 0 0 0  1  1  0 0 0 1 0 1 0  0 0 1 1 0 1  1 0 1  1 1 0 1 0]
[0 1 0 0 0  0 1 0 1  0 1 1 0 0  1 0 0 0 1 1 1  0  0  0 0 0 1 1 0 1  1 0 0 0 1 0  0 1 1  1 0 0 0 1]
[0 0 0 0 1  1 1 1 0  0 1 1 0 1  0 0 0 0 1 0 0  1  1  0 1 0 1 0 0 0  1 0 1 0 1 1  1 0 1  0 1 1 0 0]
[0 1 1 1 0  1 1 0 0  1 1 0 1 1  0 0 1 0 1 0 0  0  1  0 1 0 0 0 0 0  0 1 0 0 0 0  1 0 1  0 0 0 0 1]
[1 0 0 1 1  0 1 0 0  1 0 0 1 1  0 1 0 0 1 0 1  0  1  1 0 1 0 0 1 1  1 0 0 1 1 0  0 1 1  0 0 1 0 0]
[1 1 0 0 0]
[0 0 1 1 1]

[1 1 0 0]

[1 0 0 1 1]
[1 0 1 0 0]
[0 0 1 1 0]
[1 0 1 1 1]
[0 1 1 0 0]
[1 1 1 0 1]

[0 1 1 1 1 1 0]

[0]

[0]

[0 0 1 0 1 1 1]
[1 0 0 0 1 0 0]
[1 0 0 0 1 0 1]

[0 1 0 1 1 0]
[0 1 1 0 1 0]
[1 0 0 1 0 1]

[0 0 0]
[0 1 1]

[0 1 1 0 0]
[0 1 0 1 1]
[0 0 0 1 1]
[1 1 0 1 1]
[1 0 0 1 1]

